2.500000000000000000e-01 1.499999999999999944e-01 0.000000000000000000e+00 1.000000000000000000e+00 7.622125302805763480e-25 3.098125344832684058e-23 -1.308336744432670275e-24 8.287487143352724673e-24 7.077922454232109608e-24 7.161466143615829842e-24 1.981519343626910306e-22 1.107990591394248056e-22 3.482275134802218014e-23
2.500148203864981933e-01 1.500147944916188913e-01 6.460230827416039295e-03 9.999892351630286225e-01 -3.103519143482938534e-03 3.106978544267783877e-03 -1.498135309775967296e-03 -5.260871476036335865e-04 -5.245911356661426325e-04 3.230139817646144329e-01 -3.101799921483023859e-01 3.108718679307912458e-01 -1.498137132775144154e-01
2.502235443717758523e-01 1.502222399077240700e-01 2.591532324081357794e-02 9.999031180174607902e-01 -9.296397785580428480e-03 9.334449392848630234e-03 -4.494398713740693427e-03 -1.716079812674454119e-03 -1.674724449604220004e-03 6.498720054779396627e-01 -3.091393052455850832e-01 3.119067871479481169e-01 -1.498137135492561556e-01
2.509718617363446147e-01 1.509617173486540731e-01 5.843256144057479978e-02 9.997308919963823204e-01 -1.546753698225769927e-02 1.558168387751912402e-02 -7.490661750119280947e-03 -2.159198882235533520e-03 -1.952828569618887417e-03 9.768925441982082569e-01 -3.080951599106314109e-01 3.129382193711191529e-01 -1.498137116419438752e-01
2.526232166832865778e-01 1.525837329048506941e-01 1.039942001995398796e-01 9.994725736559610940e-01 -2.161627843536313362e-02 2.184800762349190656e-02 -1.048692410152805669e-02 -1.906772060111529840e-03 -1.320377903854668159e-03 1.304216543398007522e+00 -3.070475658673291197e-01 3.139661533102587887e-01 -1.498137080639253549e-01
2.555440328524290483e-01 1.554351104113481652e-01 1.625736304405175081e-01 9.991281878414892681e-01 -2.774196805352304590e-02 2.813274212141425937e-02 -1.348318537742827262e-02 -1.013654809281407197e-03 2.576531808794223287e-04 1.631984588652665380e+00 -3.059965159761938724e-01 3.149905667510491392e-01 -1.498137015664640359e-01
2.600381360695162014e-01 1.597884136928998111e-01 2.337202290314397135e-01 9.992295399249133681e-01 -2.389015873495663536e-02 2.602928048625122170e-02 -1.708985957334093614e-02 2.866230790197277223e-02 3.748400154105020060e-02 1.938593188298431746e+00 7.044840277917793214e-01 -5.098252197789346907e-01 -2.049632999377103137e-01
2.656421135928013211e-01 1.651420690072764319e-01 3.102771389270891356e-01 9.997962183910108491e-01 -6.850027962094789973e-03 9.103352267738415091e-03 -1.666525209100697125e-02 1.070258610081325085e-01 1.166272049595793725e-01 1.901568357820913047e+00 1.031478400571153031e+00 -1.150881234481631266e+00 2.541733487742512954e-01
2.714930056127426439e-01 1.706841556151227346e-01 3.832062455797892730e-01 9.997975132608815096e-01 1.103250269859450475e-02 -1.233744816758644731e-02 -1.144581109759590376e-02 1.843587439500422309e-01 1.795186843779119357e-01 1.741363625891185096e+00 7.879514392339123097e-01 -9.664846882516709980e-01 2.699295968141299240e-01
2.771406997247405357e-01 1.760479444970443896e-01 4.493430893299443230e-01 9.992780592238956761e-01 2.394447339426157562e-02 -2.873583205786088210e-02 -6.654121561988060075e-03 2.231918964915858283e-01 2.067017986519160966e-01 1.539430953965499338e+00 5.280628034926836412e-01 -6.539413432531279158e-01 2.107780472455109966e-01
2.823514184332218679e-01 1.810516836479433012e-01 5.075235493492854522e-01 9.987233293805727330e-01 3.210444327694438049e-02 -3.887489367707035182e-02 -3.124350113594719265e-03 2.267670743521034427e-01 2.067701245323079751e-01 1.326982310010492938e+00 3.053923139962064215e-01 -3.471561461144055394e-01 1.423052649556637572e-01
2.869920399686043955e-01 1.855867456863487253e-01 5.573915088766165926e-01 9.984005446777131088e-01 3.629401139206325788e-02 -4.334023867539337632e-02 -8.507085278133750790e-04 2.060746672004331870e-01 1.893321300339051716e-01 1.117835592374684106e+00 1.242517438388222317e-01 -9.153094288317806249e-02 8.261685047212226352e-02
2.909876889263450783e-01 1.895819109981040640e-01 5.990311561881688229e-01 9.983643847807364136e-01 3.730229614138454858e-02 -4.332363990969961137e-02 3.987593339606763281e-04 1.723189285442258967e-01 1.621191897550880445e-01 9.187542204916124833e-01 -1.800444631054641878e-02 9.765246082092451929e-02 3.762697090451099652e-02
2.943054553250235572e-01 1.929924683136906016e-01 6.328188599688341354e-01 9.985491763809326571e-01 3.585724608222490978e-02 -4.016176711078538186e-02 9.141118569417570330e-04 1.343903363342849877e-01 1.309175196518163609e-01 7.337814134667385302e-01 -1.245380827237850818e-01 2.208278813173133459e-01 8.228132345561840408e-03
2.969472053286440483e-01 1.957981922686398146e-01 6.593478454022796420e-01 9.988507273602568182e-01 3.263112093120720120e-02 -3.509257805599363261e-02 9.737825564556042189e-04 9.823399380564719341e-02 9.986633084420708240e-02 5.660164070558680871e-01 -1.979448374798711274e-01 2.871051199296885126e-01 -7.570339182922459879e-03
2.989452341258109214e-01 1.980043277034434501e-01 6.793760508515381824e-01 9.991759063265172047e-01 2.825127032380667091e-02 -2.913292108074372333e-02 8.060647818381842539e-04 6.712140623498087655e-02 7.171370162802818971e-02 4.180705163753075104e-01 -2.405929894056330898e-01 3.092132908892130660e-01 -1.334347612772587149e-02
3.003579944416162051e-01 1.996423859045102500e-01 6.937770688749222980e-01 9.994628940990218924e-01 2.329579167649349636e-02 -2.304142035819318687e-02 5.703040071413472941e-04 4.230562026555415717e-02 4.801355446666558807e-02 2.918943325475976680e-01 -2.555587650556746526e-01 3.000092016392035266e-01 -1.305469726785539984e-02
3.012645169309734472e-01 2.007685635470943253e-01 7.034869104698883158e-01 9.996827481101813184e-01 1.827001424698566912e-02 -1.733451712363152583e-02 3.565325100158465120e-04 2.373526957186896866e-02 2.932928956703100346e-02 1.884274211320187131e-01 -2.474409944136635731e-01 2.706677939275157208e-01 -1.007206277397778779e-02
3.017570856222891451e-01 2.014586969652465698e-01 7.094472188450073880e-01 9.998318805380455032e-01 1.357385988571505053e-02 -1.232574428473469028e-02 1.997602316154671197e-04 1.065254515506354818e-02 1.548579607765588131e-02 1.073531480293644647e-01 -2.224027282936519856e-01 2.301862847370416965e-01 -6.637714991067304900e-03
3.019326761025125094e-01 2.018001501210623105e-01 7.125506255489963969e-01 9.999217180464938792e-01 9.477484544166150937e-03 -8.168706557424154982e-03 1.009329338521087219e-04 2.017881721419039973e-03 5.852908649338351733e-03 4.709708361528245485e-02 -1.873343033691333426e-01 1.855029872395633772e-01 -3.851259720063076545e-03
3.018844288522981589e-01 2.018823630458449203e-01 7.135957224977301783e-01 9.999692958813528598e-01 6.118141070546544852e-03 -4.896570710931010505e-03 4.613259747720230058e-05 -3.227316865243532677e-03 -3.942839198412555115e-04 5.076671911477772213e-03 -1.486345880006160192e-01 1.417041067600651183e-01 -1.992699333275696223e-03
3.016946524166705390e-01 2.017882722817081476e-01 7.132574749849062146e-01 9.999907880561570428e-01 3.519371667704222079e-03 -2.457711405166402175e-03 1.921111415505967894e-05 -6.022964367939012166e-03 -4.085657298115419854e-03 -2.188927876609697218e-02 -1.112511879285709993e-01 1.021796096774940238e-01 -9.229429600361948021e-04
3.014304184277641907e-01 2.015882868375844794e-01 7.120750668179394172e-01 9.999984034868039107e-01 1.623768684312904562e-03 -7.478173430637551512e-04 7.539498667203962903e-06 -7.137394766780486358e-03 -5.949979046254976617e-03 -3.714194560625683900e-02 -7.831024916366165212e-02 6.880934350433479119e-02 -3.824251650794594187e-04
3.011420072398959258e-01 2.013374218217152678e-01 7.104551986182311429e-01 9.999998818927348099e-01 3.279070751882372041e-04 3.627260135405671691e-04 3.134114363069941518e-06 -7.164330993194701833e-03 -6.575958282414300950e-03 -4.382225504637989738e-02 -5.127561715643947499e-02 4.224510045450049350e-02 -1.430004669336685760e-04
3.008637322335625530e-01 2.010752042042089349e-01 7.086863488243413389e-01 9.999993742155559584e-01 -4.886956848815316237e-04 1.007785019634908907e-03 1.701434390817909783e-06 -6.543562259603356336e-03 -6.413414959970867649e-03 -4.464085379794428821e-02 -3.038441770031215239e-02 2.226099873980724383e-02 -5.198727531015241075e-05
3.006162933214579502e-01 2.008274454563198919e-01 7.069588927021415170e-01 9.999986962195935858e-01 -9.437739129633853025e-04 1.311387373654457865e-03 1.259701903691410553e-06 -5.588935652461807409e-03 -5.792091868931036579e-03 -4.177751379568199475e-02 -1.512331860302811547e-02 8.099381464389942414e-03 -2.381478753248747796e-05
3.004097986178799751e-01 2.006089246732932208e-01 7.053867599992064141e-01 9.999983982220600476e-01 -1.141159696847398024e-03 1.379925824910375630e-03 1.046279373088996770e-06 -4.515464085946157592e-03 -4.944816893373399878e-03 -3.687899445113035357e-02 -4.615225310728200692e-03 -1.245461194551483438e-03 -1.731861573064687797e-05
3.002467999187366510e-01 2.004262454054550890e-01 7.040276975872423737e-01 9.999984775665591297e-01 -1.166120482749845181e-03 1.299197978729982024e-03 8.439244891131633708e-07 -3.462621551029906961e-03 -4.029126929644307777e-03 -3.111667249272428645e-02 2.119179588221995966e-03 -6.827295418106662725e-03 -1.580124733601806741e-05
3.001249517791685362e-01 2.002804194335780497e-01 7.029005654416019544e-01 9.999987692730837319e-01 -1.084834964070830127e-03 1.134668909773898062e-03 6.327639315088322016e-07 -2.513465703679892017e-03 -3.145582940135407957e-03 -2.527109383531462097e-02 6.009407761846212448e-03 -9.625606365235281348e-03 -1.407780530825353253e-05
3.000391271260461901e-01 2.001689749173139188e-01 7.019991273847285829e-01 9.999991180730137819e-01 -9.461295508203551282e-04 9.335846997410615329e-04 4.389870047137207875e-07 -1.710094182955327865e-03 -2.352710657900622913e-03 -1.982108440979311534e-02 7.861163998099262099e-03 -1.048281710645739516e-02 -1.146021826600700408e-05
2.999829714980631334e-01 2.000875483824637868e-01 7.013024458034762265e-01 9.999994290067535374e-01 -7.842069251271106258e-04 7.279382541234150419e-04 2.831745196460454177e-07 -1.066034593453057738e-03 -1.678983551341096904e-03 -1.502484690859147258e-02 8.331119668845308676e-03 -1.008183062738783609e-02 -8.514857517469265935e-06
2.999499590667130122e-01 2.000310079700170773e-01 7.007823212641175470e-01 9.999996637207630990e-01 -6.216052257405091938e-04 5.376372301657286962e-04 1.709272333114416573e-07 -5.760421855752619969e-04 -1.132295411530874008e-03 -1.098757969669456741e-02 7.929062537798698546e-03 -8.948273715804399772e-03 -5.832945337592639428e-06
2.999340462961762044e-01 1.999941917796625723e-01 7.004083361637775118e-01 9.999998203145360476e-01 -4.719784036946497708e-04 3.734913504380161088e-04 9.723675082960718211e-08 -2.236628567670516333e-04 -7.073010707667156446e-04 -7.714516325022778911e-03 7.033625764367930876e-03 -7.466315068989388265e-03 -3.719921334675234597e-06
2.999300229826117881e-01 1.999723514018843795e-01 7.001510561416596223e-01 9.999999140312413326e-01 -3.425082225741588591e-04 2.398210603941927188e-04 5.267844019393056058e-08 1.313743251823503322e-05 -3.909473250918032994e-04 -5.150563811859003131e-03 5.913394936242756701e-03 -5.900714137595977626e-03 -2.226911953742775756e-06
2.999336498286977459e-01 1.999613821124857083e-01 6.999838773540166814e-01 9.999999642921455489e-01 -2.358860797792195374e-04 1.366088602686273612e-04 2.769330877252119676e-08 1.579895648201439786e-04 -1.664856248190147944e-04 -3.208661586182851196e-03 4.748820256055253340e-03 -4.420505859551711846e-03 -1.262221986472390579e-06
2.999416555872008727e-01 1.999579069460529490e-01 6.998839207629753423e-01 9.999999880396784890e-01 -1.518723336075399749e-04 6.118785345916023214e-05 1.461504533238110679e-08 2.334966261496204632e-04 -1.624044732090641768e-05 -1.789174091269998650e-03 3.652554603529204174e-03 -3.121594772881057002e-03 -6.857937037138677091e-07
2.999516500243966655e-01 1.999592668769806514e-01 6.998322873508608932e-01 9.999999974851200291e-01 -8.847568003829936305e-05 9.504238515738334530e-06 8.140012106341501734e-09 2.596842026215880083e-04 7.661019351433717716e-05 -7.924520455894895621e-04 2.687110780822198931e-03 -2.046766693509617999e-03 -3.648111883481278584e-07
2.999619938247198303e-01 1.999634558640511484e-01 6.998139104598094518e-01 1.000000000263687960e+00 -4.281010349039158168e-05 -2.298772404806492098e-05 5.006208966368707288e-09 2.532593764856301967e-04 1.270090727543105003e-04 -1.263740899620757188e-04 1.879446854940684114e-03 -1.202429555778583179e-03 -1.967471730222903606e-07
2.999716539536319559e-01 1.999690283524984680e-01 6.998171767049483627e-01 1.000000000546409584e+00 -1.169091118923788580e-05 -4.073106344553574477e-05 3.415594513332503293e-09 2.274423711377286043e-04 1.475460954127353296e-04 2.896705604043941238e-04 1.232472356834833031e-03 -5.719043867410283401e-04 -1.125236136676662244e-07
2.999800630554869119e-01 1.999749980678782457e-01 6.998334352837622951e-01 1.000000000274656298e+00 7.970346487904250360e-06 -4.770405854316869468e-05 2.485308153783850240e-09 1.921739448762924878e-04 1.483689049553690365e-04 5.232225245888918021e-04 7.336533999616782695e-04 -1.253951278784754290e-04 -7.050637222167885442e-08
2.999869939975188249e-01 1.999807403822992935e-01 6.998564757022742722e-01 1.000000000150107038e+00 1.891676460267419080e-05 -4.722772584241978581e-05 1.836623966655246716e-09 1.545447666475720889e-04 1.373472617827060926e-04 6.287578718829117588e-04 3.609884057420597626e-04 1.730283940610520565e-04 -4.810861724560117140e-08
2.999924553540465610e-01 1.999859058974319814e-01 6.998820241496331862e-01 1.000000000293180813e+00 2.339548363974927722e-05 -4.189040235590476565e-05 1.332209377118443981e-09 1.193347081542084429e-04 1.203969882533272528e-04 6.486291068729451315e-04 8.688349500931938395e-05 3.607039520312038498e-04 -3.434914640755210514e-08
2.999966099601611424e-01 1.999903497754745019e-01 6.999072871255628270e-01 1.000000000614301943e+00 2.308473951394295932e-05 -3.357091995225293786e-05 9.313673814389627450e-10 8.957891526229110253e-05 1.018962612511487540e-04 6.144934212642621076e-04 -1.179579088839680150e-04 4.712442866140616432e-04 -2.445377307818382993e-08
2.999997152728356986e-01 1.999940786486822664e-01 6.999305557730787219e-01 1.000000000979091919e+00 1.920617004262134312e-05 -2.369503681081554751e-05 6.251879601625961014e-10 6.704509198047081274e-05 8.510391067776308671e-05 5.489218813750910324e-04 -2.698990383676356055e-04 5.163440261560098277e-04 -1.638355022826852211e-08
3.000020750833422567e-01 1.999972094975779324e-01 6.999508742422054786e-01 1.000000001245377579e+00 1.357796343258639050e-05 -1.460819068061886369e-05 4.215921276077818974e-10 5.217298965732933416e-05 7.220806077936427246e-05 4.669917082058623234e-04 -2.929216220309020162e-04 3.923405857135267528e-04 -8.394701125098261944e-09
3.000039668687570771e-01 1.999999104454803223e-01 6.999691077202148115e-01 1.000000001357293611e+00 9.429893368364591566e-06 -9.219835793273860089e-06 3.049507682537743542e-10 4.314263667109979384e-05 6.340275031908480449e-05 4.446767394739031950e-04 -1.218853838141240541e-04 1.464949023147325044e-04 -4.558870565528065826e-09
