5.000000000000000000e-01 5.000000000000000000e-01 1.000000000000000056e-01 1.000000000000000000e+00 -1.889579984960737522e-32 5.697426287222782642e-33 -3.298160195293420097e-33 1.685569595698526790e-31 2.640617590228837392e-31 -3.361199127671406501e-32 -6.194620041199833149e-31 -1.523059575176671607e-30 1.075039953617901469e-30
5.000109150728879737e-01 4.999890732957542050e-01 1.013149485184244025e-01 9.998943129962134524e-01 1.001216824121812024e-02 9.987086823604838029e-03 3.373018732418347088e-03 -4.480448904993190678e-04 4.439075651512654165e-04 1.315132158805492613e-01 2.000000000000000000e+00 2.000000000000000000e+00 6.746109220580713828e-01
5.001749729201866446e-01 4.998263092106883243e-01 1.055724793058276240e-01 9.990493168038743210e-01 3.000218525319548607e-02 2.997858983102771532e-02 1.008044933905779920e-02 -1.187158654318802489e-03 1.082962201071973121e-03 2.950084820366228322e-01 2.000000000000000000e+00 2.000000000000000000e+00 6.673892045171970766e-01
5.007740905455687619e-01 4.992374748760251002e-01 1.130668090660192776e-01 9.973613619512746720e-01 4.996472002376875499e-02 4.994693030709993625e-02 1.670761579852506756e-02 -8.267879791135880011e-04 3.104816777076737093e-04 4.594413044351351449e-01 2.000000000000000000e+00 2.000000000000000000e+00 6.602448084172446441e-01
5.021013867679411380e-01 4.979448279955616119e-01 1.237521016269849394e-01 9.948332828883379442e-01 6.988156603722758820e-02 6.987668747638038635e-02 2.324982507446609822e-02 4.085076315878656225e-04 -1.883056458267716015e-03 6.255312982548187906e-01 2.000000000000000000e+00 1.999999903459526829e+00 6.531768506981859845e-01
5.044513209447775148e-01 4.956767942405804206e-01 1.375597757388343778e-01 9.914685827696922971e-01 8.973462456801592491e-02 8.975247585228178504e-02 2.970251580740885730e-02 2.243531463399527515e-03 -5.445909134160799303e-03 7.939819639412137864e-01 2.000000000000000000e+00 1.999999719941844001e+00 6.461845209812039359e-01
5.081186611657207974e-01 4.921688408224825784e-01 1.543987358390147280e-01 9.872714287599981819e-01 1.095059191342100530e-01 1.095589566889789007e-01 3.606125996601271949e-02 4.354591988958468607e-03 -1.026541554479872692e-02 9.654741849519249408e-01 2.000000000000000000e+00 1.999999458324340784e+00 6.392670393579642507e-01
5.133545393923653055e-01 4.871969304952670776e-01 1.740139115488440469e-01 9.830272502085026787e-01 1.294151080023559774e-01 1.231953335291262885e-01 4.161808209701485517e-02 1.916167583903762364e-02 -1.654084442912050201e-02 1.125337178561765406e+00 2.000000000000000000e+00 7.639115839690513443e-01 6.345279179852879592e-01
5.202812728134496023e-01 4.805738065779386337e-01 1.960396981373732361e-01 9.803940458717964601e-01 1.499768363651324821e-01 1.196780180141509553e-01 4.485125659590327024e-02 7.311045456364276274e-02 -2.495242093618493806e-02 1.275023399685969894e+00 1.999999994881300092e+00 -1.478060068231723756e+00 6.357495398277183130e-01
5.288269220598800224e-01 4.720861071313035007e-01 2.202435999071856720e-01 9.792804302760864665e-01 1.691619535309711320e-01 1.032017007286209209e-01 4.175496721995219235e-02 1.601182712193524038e-01 -3.864806888235484267e-02 1.417304350849469152e+00 1.713572314197625124e+00 -1.999999952993845476e+00 -2.745248764814164910e-01
5.386250775373051525e-01 4.617622115811778616e-01 2.458436613534396020e-01 9.813410848363085526e-01 1.694812460342204341e-01 8.448848540110956429e-02 3.327859720964811835e-02 2.523384220398919298e-01 -1.042664332954877371e-01 1.477773450460508231e+00 -1.706910615180803559e+00 -1.999999969588239113e+00 -7.403956522978287769e-01
5.491991282822306086e-01 4.500297011739256559e-01 2.715439289044791482e-01 9.860384600045367653e-01 1.512294690340545422e-01 6.555032874850226510e-02 2.368425767194828543e-02 3.408273563004118878e-01 -2.168418678267026445e-01 1.459294441557474453e+00 -1.999999942268606778e+00 -1.999999967059792327e+00 -8.386712230615468444e-01
5.602316891350826999e-01 4.373126186953715244e-01 2.964653245569423001e-01 9.901407899388843248e-01 1.313781075798609033e-01 4.657738370571369579e-02 1.383990056787715375e-02 4.231022204349940141e-01 -3.228691933090443444e-01 1.395616629730421776e+00 -1.999999964320459123e+00 -1.999999962480178750e+00 -8.087811246156804135e-01
5.715359186646230549e-01 4.238669211480056709e-01 3.201606007266941112e-01 9.933807233006086701e-01 1.114370683207778628e-01 2.749192582812145028e-02 4.549611571551278807e-03 4.967621082953946332e-01 -4.172116201118332701e-01 1.303775810291930792e+00 -1.999999969008935397e+00 -1.999999954829226656e+00 -7.244232395279688319e-01
5.829820798941872662e-01 4.098615928896378047e-01 3.423917819551045572e-01 9.957702839967114139e-01 9.142658285985841293e-02 8.275309314264057275e-03 -3.771907143337359034e-03 5.598238229713919933e-01 -4.997079819054396910e-01 1.193677182823121408e+00 -1.999999969202035377e+00 -1.999999942794680186e+00 -6.129633015694980758e-01
5.944665494593176502e-01 3.954219893118327001e-01 3.630415524807900640e-01 9.973305234517182427e-01 7.134855967757555706e-02 -1.105617208910251829e-02 -1.090677101546832194e-02 6.107258763165797077e-01 -5.704392651394158964e-01 1.072091559288497642e+00 -1.999999966629204318e+00 -1.999999923418023018e+00 -4.866970516556756166e-01
6.058963057422048770e-01 3.806518574157632395e-01 3.820704561891289375e-01 9.980833360448069236e-01 5.119691337947101378e-02 -3.047106627013172753e-02 -1.673412865918793430e-02 6.482983054580925275e-01 -6.296018726123567832e-01 9.442096355602956903e-01 -1.999999961466131237e+00 -1.999999889540800435e+00 -3.525305327240556563e-01
6.171799578570489331e-01 3.656459099300801152e-01 3.994937373039942341e-01 9.980475870306754205e-01 3.096224084174401675e-02 -4.993040968946705488e-02 -2.119656632213453087e-02 6.717491090004562571e-01 -6.774244529943798110e-01 8.143434807647680351e-01 -1.999999953004040654e+00 -1.999999819665966516e+00 -2.158765306135004003e-01
6.282218915316980512e-01 3.504979223708769576e-01 4.153671358869309160e-01 9.972368964014882708e-01 1.063542624790248491e-02 -6.939152528542998077e-02 -2.429532781616167147e-02 6.806683690914063778e-01 -7.141045946310594639e-01 6.862580358878854758e-01 -1.999999938990495219e+00 -1.999998934204693324e+00 -8.264525210191595028e-02
6.389187334651690309e-01 3.353063864802320881e-01 4.297772400075402510e-01 9.957936816627176446e-01 -9.749697489625352292e-03 -8.728723021903440904e-02 -2.609239713579162429e-02 6.734136409183776317e-01 -7.397923441583849069e-01 5.654205538710556089e-01 -1.999999915805822148e+00 -1.693889479420056743e+00 4.022417672280182571e-02
6.491646482422986919e-01 3.201782052054174543e-01 4.428322901323832328e-01 9.940677622360455379e-01 -3.011905738034670321e-02 -1.010193990189988816e-01 -2.678048901103047968e-02 6.496559255066991501e-01 -7.546640720388724244e-01 4.577940024631341198e-01 -1.999999870797427803e+00 -1.177466519356933805e+00 1.460115938987854856e-01
6.588651288941373974e-01 3.052302556379834497e-01 4.546513655767439599e-01 9.923754414418980430e-01 -5.042078468829248872e-02 -1.092570283067240966e-01 -2.667614749442668090e-02 6.126488990264986612e-01 -7.589016599270805852e-01 3.660768329563046652e-01 -1.999999703226667203e+00 -6.048602061645547145e-01 2.300680535304720498e-01
6.679486738019413394e-01 2.905889812202128719e-01 4.653561226513923121e-01 9.909191189874788641e-01 -6.983114532593798218e-02 -1.119103883606481220e-01 -2.605692402388682868e-02 5.671941773240377627e-01 -7.522582685049639117e-01 2.913924392466252788e-01 -1.839418535606957894e+00 -6.405021776181124560e-02 2.857641421480939248e-01
6.763727374054602226e-01 2.763841897787258639e-01 4.750670985939863811e-01 9.899690590283756197e-01 -8.557591530054002582e-02 -1.096076460251553253e-01 -2.498352294023923129e-02 5.179637689038935067e-01 -7.344795797193695019e-01 2.362542441611835131e-01 -1.282134857765952818e+00 4.016890559420971951e-01 3.093386517909944566e-01
6.841258718465386135e-01 2.627299811900017379e-01 4.838975805362233373e-01 9.898165263988520923e-01 -9.512095416814510263e-02 -1.032719517202709825e-01 -2.345505787393725033e-02 4.686305374211252595e-01 -7.074163242504714066e-01 2.011129363828812744e-01 -6.083677191130584250e-01 7.752440311292373432e-01 3.127165801958929903e-01
6.912265124043392994e-01 2.497042848750705146e-01 4.919488920232212847e-01 9.905079965146846854e-01 -9.805168620302488758e-02 -9.388132001945362348e-02 -2.158844621319935819e-02 4.216834787257423001e-01 -6.744152147656182761e-01 1.825908973150041636e-01 3.601398742051219182e-02 1.048536451022824556e+00 3.014589650017555078e-01
6.977180309038502060e-01 2.373413084647321147e-01 4.993132131661628947e-01 9.918624265725658473e-01 -9.503380542787709384e-02 -8.243412642465755558e-02 -1.954750438483806099e-02 3.787166071691309699e-01 -6.386463135862902041e-01 1.761403381739016227e-01 5.775121202145320209e-01 1.217396754549955995e+00 2.784081001554881696e-01
7.036618867814149469e-01 2.256336161019547315e-01 5.060786212344005053e-01 9.935627740668299124e-01 -8.733575783359205646e-02 -6.999407125417125841e-02 -1.750133954428617980e-02 3.407184338050848194e-01 -6.027217878982977783e-01 1.773784615897813222e-01 9.672786917015551156e-01 1.269414291406752993e+00 2.451718427377432008e-01
7.091297908630858071e-01 2.145400205049994569e-01 5.123333000513059510e-01 9.952376079161754374e-01 -7.684595882545748602e-02 -5.790553133457148477e-02 -1.561215254350699529e-02 3.082883598281734860e-01 -5.687342253526500579e-01 1.823083681329362715e-01 1.130895336612172120e+00 1.159709018998312580e+00 2.014688768558881016e-01
7.141935354551214310e-01 2.039990264006138476e-01 5.181694235597362752e-01 9.964955388652952939e-01 -6.675842425237354938e-02 -4.839364874689949109e-02 -1.407110531740483894e-02 2.818109552268123208e-01 -5.383505869509410680e-01 1.865216290719147740e-01 8.847583219237663554e-01 7.557870839161873189e-01 1.391477325733849746e-01
7.189025961503711093e-01 1.939611349618732550e-01 5.237674268847224424e-01 9.972547748477118557e-01 -5.942400026063938967e-02 -4.226468467936739942e-02 -1.286025249271531383e-02 2.601404776008580111e-01 -5.118920202692640586e-01 1.969605117555331408e-01 5.816414870759017974e-01 4.775171197109685517e-01 1.152158307064604092e-01
