1.875977976518626633e+01 2.153991000998841443e+01 2.200000000000000000e+01 2.154759819071967186e+01
2.200000000000000000e+01 2.197752335278287106e+01 2.200000000000000000e+01 2.200000000000000000e+01
2.200000000000000000e+01 2.197776410943370351e+01 2.200000000000000000e+01 2.200000000000000000e+01
2.200000000000000000e+01 2.197800220032223706e+01 2.200000000000000000e+01 2.200000000000000000e+01
2.200000000000000000e+01 2.197823774421839715e+01 2.200000000000000000e+01 2.200000000000000000e+01
2.200000000000000000e+01 2.197847076179244041e+01 2.200000000000000000e+01 2.200000000000000000e+01
2.200000000000000000e+01 2.103316162034795767e+01 2.104857604169502494e+01 2.200000000000000000e+01
2.200000000000000000e+01 2.023836052934283103e+01 2.023422900489431342e+01 2.200000000000000000e+01
2.200000000000000000e+01 2.010816307216911270e+01 2.137935788200012155e+01 2.030135263138939905e+01
2.022308152952982852e+01 1.941756616953685821e+01 1.721517759233037737e+01 1.626429928909818301e+01
1.596216303027024885e+01 1.573293201922307816e+01 1.565743881501125401e+01 1.545863580510107660e+01
1.415012686435601452e+01 1.420087837781127327e+01 1.415012565280583523e+01 1.424353911623127722e+01
1.318143506830718081e+01 1.337754739122058290e+01 1.318143171300682681e+01 1.341969012747635936e+01
1.263332609948862739e+01 1.291264413989054027e+01 1.263332207556624098e+01 1.295073181129286333e+01
1.236660574234366727e+01 1.269524514711854302e+01 1.236660192781231693e+01 1.272710585501998182e+01
1.230276351878718266e+01 1.265823444563485012e+01 1.230276043783229767e+01 1.268262774552754735e+01
1.239324109793307471e+01 1.275677557714269383e+01 1.239323905633447431e+01 1.277317468589105331e+01
1.260515227678795647e+01 1.295754428280635828e+01 1.260515237360608332e+01 1.296602509018136296e+01
1.271771796287300305e+01 1.342537326787938845e+01 1.310905610749980887e+01 1.304472333680658558e+01
1.295973269733126365e+01 1.386774002415309326e+01 1.360245703577734666e+01 1.323430948376155669e+01
1.332021643003847267e+01 1.422059964499743678e+01 1.401472865436325677e+01 1.353220447619140998e+01
1.363641123272725686e+01 1.441533221909408269e+01 1.446586647031755035e+01 1.396547896598118577e+01
1.382498115529008231e+01 1.443231670527468680e+01 1.500324840424283224e+01 1.453143358254599526e+01
1.412344193482206833e+01 1.456519574807718698e+01 1.530449116092241546e+01 1.490021773414942707e+01
1.444300638594413932e+01 1.472705238266189554e+01 1.546077504715185036e+01 1.513965127241475450e+01
1.475498527681751604e+01 1.488875615626593252e+01 1.553230490193561586e+01 1.530137050269383359e+01
1.507030643020210903e+01 1.504935091016612603e+01 1.554820264447099909e+01 1.542169141449937619e+01
1.544010344674895840e+01 1.522161602321437535e+01 1.549809051131118665e+01 1.552121665572476594e+01
1.599149470286359254e+01 1.542927508632406486e+01 1.530560656637914363e+01 1.560117814057860031e+01
1.644530085203066250e+01 1.611172459237923604e+01 1.585075274758350439e+01 1.608822347428527877e+01
