2.200000000000000000e+01 2.200000000000000000e+01 2.200000000000000000e+01 2.176573302322876202e+01
2.200000000000000000e+01 2.200000000000000000e+01 2.200000000000000000e+01 2.200000000000000000e+01
2.200000000000000000e+01 2.200000000000000000e+01 2.200000000000000000e+01 2.200000000000000000e+01
2.200000000000000000e+01 2.200000000000000000e+01 2.200000000000000000e+01 2.200000000000000000e+01
2.200000000000000000e+01 2.200000000000000000e+01 2.200000000000000000e+01 2.200000000000000000e+01
2.166096772624262812e+01 2.130043043098213928e+01 2.173212188371472919e+01 2.200000000000000000e+01
1.539204392576499281e+01 1.555733011975277869e+01 1.522173388761327750e+01 1.606262247865231885e+01
1.281972264376798343e+01 1.295534420544713505e+01 1.277416742008594674e+01 1.267919621352665516e+01
1.167354341114379501e+01 1.180459762934958512e+01 1.170512189052455909e+01 1.139670062396639949e+01
1.121989245334416552e+01 1.133931387919735556e+01 1.127891270523311640e+01 1.094685861137904936e+01
1.116175654929440419e+01 1.125847230680981959e+01 1.121586750779187902e+01 1.093354329134060698e+01
1.135514021097123205e+01 1.142460257550158964e+01 1.138913335630228474e+01 1.118262174557039401e+01
1.171850640232043972e+01 1.176228694908782835e+01 1.173029703919957534e+01 1.159999498957896691e+01
1.219729965884542366e+01 1.221996979075568035e+01 1.219247313869308691e+01 1.212524847932637684e+01
1.274811403504851448e+01 1.275464585865916511e+01 1.273472870964607928e+01 1.271265655723230026e+01
1.333188904087107218e+01 1.332651462753641702e+01 1.331681499221024545e+01 1.332293504146129237e+01
1.391233394379644395e+01 1.389854785058149922e+01 1.389965351244829428e+01 1.392077207669732886e+01
1.445750236325271487e+01 1.443841625593694467e+01 1.444863051270761289e+01 1.447582372300007059e+01
1.494259157623655554e+01 1.492106974474207703e+01 1.493725236843788728e+01 1.496512368899105283e+01
1.535214016600126108e+01 1.533064095310590602e+01 1.534938645873934249e+01 1.537499643975197294e+01
1.568047792771904803e+01 1.566082430020804850e+01 1.567934638871287234e+01 1.570130838193183287e+01
1.593032838313653876e+01 1.591360830641479929e+01 1.593010452722782411e+01 1.594796711174939574e+01
1.611026816596164224e+01 1.609690594298898603e+01 1.611050880440681965e+01 1.612436786374800235e+01
1.623196578555783631e+01 1.622189603728992680e+01 1.623242698086653846e+01 1.624268194058435100e+01
1.630787506170870316e+01 1.630073496333486105e+01 1.630843155187339377e+01 1.631562736826487736e+01
1.634966604246866950e+01 1.634495423878597009e+01 1.635025331778515323e+01 1.635497718646290721e+01
1.636737184793496525e+01 1.636455814605148262e+01 1.636795310572055939e+01 1.637076939575641887e+01
1.636908138393152967e+01 1.636767202085413331e+01 1.636963199790556445e+01 1.637104479458880846e+01
1.636098033092595827e+01 1.636055058383895755e+01 1.636148209352131389e+01 1.636191729047406795e+01
1.634757671591409789e+01 1.634778226962139058e+01 1.634801647986748563e+01 1.634781709424481022e+01
1.633199826730027127e+01 1.633257398411182493e+01 1.633236797555164443e+01 1.633179787068134914e+01
1.631629414359256103e+01 1.631704606752211362e+01 1.631659086404727788e+01 1.631584335072438208e+01
1.630170643669606534e+01 1.630250073318520521e+01 1.630193195061375988e+01 1.630114076047989613e+01
1.628889760995384606e+01 1.628964870511435592e+01 1.628905755745941164e+01 1.628830846167636182e+01
1.627813178639760494e+01 1.627879104059128679e+01 1.627823454513792001e+01 1.627757648017427528e+01
1.626941368433066870e+01 1.626995933674489336e+01 1.626946918138758491e+01 1.626892418766261272e+01
1.626259140188462382e+01 1.626302013504015065e+01 1.626261001618626167e+01 1.626218162585735172e+01
1.625742976894859382e+01 1.625774999303646595e+01 1.625742141707929989e+01 1.625710136379720083e+01
1.625366057403105913e+01 1.625388737685523211e+01 1.625363400847801998e+01 1.625340729057835887e+01
1.625101517563793152e+01 1.625116677786832398e+01 1.625097746585064939e+01 1.625082590901628876e+01
1.624924411318091799e+01 1.624933946451504241e+01 1.624920020795790521e+01 1.624910488478247927e+01
1.624812751426368607e+01 1.624818368172355676e+01 1.624807960699148879e+01 1.624802346001174769e+01
1.624747957601516646e+01 1.624750249715867767e+01 1.624742529577515882e+01 1.624740239151947918e+01
1.624715095624945960e+01 1.624708796403636413e+01 1.624707625884706275e+01 1.624713926793117480e+01
1.624836744309885361e+01 1.624824255300779541e+01 1.624832943862595869e+01 1.624845433612733459e+01
