5 0.01 50 26.367902755737305 10 2
10 0.01 50 57.85393714904785 12 2
15 0.01 50 112.89310455322266 15 2
20 0.01 50 112.04838752746582 12 2
25 0.01 50 139.2672061920166 12 2
30 0.01 50 195.01996040344238 14 2
35 0.01 50 223.20294380187988 14 2
40 0.01 50 268.8415050506592 15 2
45 0.01 50 307.18994140625 15 2
50 0.01 50 352.0064353942871 16 2

20 0.001 50 67.79074668884277 7 2[0.25 0.15 0.  ]
20 0.01 50 115.37861824035645 12 2[0.29 0.19 0.53]
20 0.02 50 126.6484260559082 13 2[0.3  0.2  0.72]
20 0.05 50 110.78453063964844 12 2[0.3 0.2 0.7]
20 0.1 50 116.6536808013916 12 2[0.3 0.2 0.7]
20 0.2 50 90.06214141845703 9 2[0.3 0.2 0.7]
20 0.5 50 78.95612716674805 8 2[0.3 0.2 0.7]
20 1.0 50 83.8632583618164 7 2[0.3 0.2 0.7]

jit : true -O1



5 0.02 50 12.259483337402344 10 2[0.25 0.15 0.16]
10 0.02 50 28.1984806060791 15 2[0.29 0.19 0.54]
15 0.02 50 36.83114051818848 14 2[0.3  0.2  0.71]
20 0.02 50 46.02932929992676 13 2[0.3  0.2  0.72]
25 0.02 50 57.494163513183594 13 2[0.3  0.2  0.71]
30 0.02 50 67.75808334350586 13 2[0.3 0.2 0.7]
35 0.02 50 77.17037200927734 13 2[0.3 0.2 0.7]
40 0.02 50 124.30286407470703 13 2[0.3 0.2 0.7]
45 0.02 50 165.77720642089844 13 2[0.3 0.2 0.7]
