[ 4.90645716e+00  1.43993770e+01  2.36819932e+01  3.20004987e+01
  3.69526897e+01  3.81511090e+01  3.55940021e+01  2.85446405e+01
  2.10099948e+01  1.63330779e+01  1.18842781e+01  4.70303881e+00
 -5.22665426e+00 -1.81100268e+01 -3.39707100e+01 -5.15946847e+01
 -6.76521657e+01 -7.77237864e+01 -8.04947007e+01 -7.73492087e+01
 -7.01900372e+01 -6.05655050e+01 -4.98315239e+01 -3.89541676e+01
 -2.84322661e+01 -1.88400309e+01 -1.07546255e+01 -4.44494974e+00
  7.95396245e-02  2.98794788e+00  4.55064627e+00  5.07877068e+00
  4.88033083e+00  4.23106121e+00  3.35781466e+00  2.43210059e+00
  1.57128629e+00  8.44942001e-01  2.84020121e-01 -1.09024681e-01
 -3.50597054e-01 -4.67657700e-01 -4.91181306e-01 -4.51420190e-01
 -3.74908453e-01] [-3.50810652e+00 -1.10437854e+01 -1.91158556e+01 -2.64366609e+01
 -3.06099662e+01 -3.10622933e+01 -2.95945837e+01 -2.55190216e+01
 -1.71409735e+01 -5.98029520e+00  4.77466885e+00  1.41546689e+01
  2.28625692e+01  3.06632924e+01  3.67996912e+01  4.07903709e+01
  4.17652528e+01  3.97397210e+01  3.61556349e+01  3.19919806e+01
  2.74998642e+01  2.27151833e+01  1.78160417e+01  1.30756363e+01
  8.73853769e+00  5.08440864e+00  2.30729563e+00  4.03701439e-01
 -7.59204978e-01 -1.35980959e+00 -1.56821908e+00 -1.52444767e+00
 -1.33495378e+00 -1.07649702e+00 -8.01692860e-01 -5.44245120e-01
 -3.23442051e-01 -1.47958027e-01 -1.90287502e-02  6.69596456e-02
  1.16427447e-01  1.37053160e-01  1.36656659e-01  1.22434327e-01
  1.00502554e-01] [ 1.49941198  3.60619055  4.49459567  5.07113796  8.0700165  14.54747494
 23.33662585 33.90417845 44.40492526 53.66735969 62.09176824 68.09104955
 69.77414806 66.6175986  58.5630458  46.59062833 33.74776533 24.19295413
 19.19182541 17.57014772 17.7714337  18.59887185 19.19296481 19.12486926
 18.33312825 16.90879213 15.06680664 13.07127496 11.12934488  9.3592245
  7.80562478  6.46846264  5.32708113  4.35538898  3.52917764  2.82838984
  2.23685184  1.74114287  1.3295262   0.99129477  0.71649712  0.49591024
  0.3211426   0.18465758  0.07985436] 