-3.9497474464596807 -3.8410394908669074 -181.296939747709 47798 
-11.501873513954072 -11.93105862224752 -178.03895332662938 59791 
-18.86349141062888 -20.385086649882762 -173.7204349327848 59722 
-26.285150752023043 -29.104527703039555 -173.72043709784955 60001 
-30.685979878237923 -34.811086047823295 -316.9083213154081 50898 
-29.36763773349553 -34.34907381506158 -437.3753385226921 52315 
-26.51863657767811 -29.696291608870126 -460.6013727700422 58506 
-25.143434796198925 -23.904013625438864 -460.6013659054978 60000 
-23.388349351495556 -17.98572401339699 -395.2075288778667 55805 
-17.493818499305974 -11.098361653215077 -272.9808058831677 52205 
-9.654239637628491 -2.4568449106375536 -270.4272209726322 59836 
-3.2759270494399195 7.166636629179169 -149.85892098238998 52261 
4.0762477794070175 16.47448792457144 66.06798592055186 41405 
13.849698455689698 24.549469666571877 265.7381849453534 34401 
24.10029228813503 32.08084993836841 352.3057732425377 31688 
34.54691097279972 39.86591770185553 369.47536277900775 34506 
47.92027763457214 46.00906709512851 331.1957712147521 36319 
61.800857986451945 47.1396323119716 271.1305803532785 39239 
68.65904293272732 43.88945196021723 220.39234723902345 39720 
66.99677728281125 38.915254386592615 177.48231269796594 37455 
59.42222016294516 33.42571262913248 138.8742724680647 34233 
48.82743552375786 27.490889338767253 103.9648418459019 31926 
37.28968121610341 21.124723418222263 73.22010857363678 31107 
