0.046 -0.624 0.011 
0.045 -0.624 0.011 
0.046 -0.624 0.011 
0.045 -0.624 0.011 
0.047 -0.623 0.01 
0.045 -0.624 0.011 
0.042 -0.622 0.013 
0.01 -0.616 0.041 
-0.069 -0.608 0.124 
-0.169 -0.616 0.238 
-0.297 -0.651 0.366 
-0.445 -0.685 0.473 
-0.591 -0.715 0.536 
-0.748 -0.752 0.562 
-0.931 -0.788 0.526 
-1.132 -0.819 0.415 
-1.35 -0.866 0.277 
-1.547 -0.917 0.203 
-1.604 -1.079 0.185 
-1.323 -0.956 0.282 
-1.311 -0.955 0.059 
-1.328 -0.896 -0.37 
-1.221 -0.661 -0.71 
-1.207 -0.85 -0.055 
-1.234 -0.865 -0.009 
-1.222 -0.857 -0.014 
-1.225 -0.857 -0.018 
-1.228 -0.856 -0.013 
-1.229 -0.856 -0.011 
-1.228 -0.856 -0.015 
-1.233 -0.857 -0.006 
-1.228 -0.856 -0.019 
-1.23 -0.856 -0.016 
-1.224 -0.857 -0.029 
-1.218 -0.859 -0.038 
-1.231 -0.855 -0.015 
-1.231 -0.856 -0.016 
-1.231 -0.856 -0.012 
0.048 -0.619 0.011 
0.048 -0.619 0.011 
0.048 -0.619 0.011 
0.048 -0.619 0.012 
0.048 -0.619 0.012 
0.048 -0.619 0.01 
0.046 -0.618 0.009 
0.053 -0.629 0.027 
0.086 -0.664 0.093 
0.155 -0.712 0.179 
0.265 -0.755 0.261 
0.418 -0.792 0.333 
0.585 -0.844 0.371 
0.756 -0.915 0.41 
0.939 -0.993 0.475 
1.139 -1.069 0.537 
1.364 -1.135 0.598 
1.61 -1.192 0.659 
1.867 -1.244 0.714 
2.19 -1.275 0.565 
2.55 -1.307 0.129 
2.902 -1.327 -0.309 
3.5 -1.515 -0.761 
4.028 -1.794 -1.208 
4.469 -2.091 -1.666 
0.0 0.0 0.0 
-0.18 0.082 -0.121 
-0.667 0.299 -0.442 
6.059 -3.643 -1.1 
-0.023 -0.545 -0.137 
-0.023 -0.546 -0.134 
-0.02 -0.549 -0.128 
-0.017 -0.553 -0.12 
-0.014 -0.556 -0.115 
-0.012 -0.558 -0.111 
-0.011 -0.558 -0.109 
-0.01 -0.557 -0.087 
-0.019 -0.559 -0.004 
-0.043 -0.566 0.107 
-0.074 -0.579 0.222 
-0.1 -0.601 0.338 
-0.115 -0.632 0.435 
-0.137 -0.68 0.502 
-0.184 -0.74 0.521 
-0.265 -0.794 0.476 
-0.371 -0.841 0.323 
-0.487 -0.883 0.088 
-0.603 -0.91 -0.045 
0.022 -0.588 -0.061 
0.02 -0.586 -0.065 
0.018 -0.584 -0.069 
0.017 -0.582 -0.071 
0.016 -0.581 -0.074 
0.015 -0.581 -0.075 
0.014 -0.579 -0.077 
0.058 -0.626 0.047 
0.03 -0.646 0.185 
0.004 -0.666 0.385 
-0.015 -0.696 0.616 
-0.023 -0.743 0.887 
-0.017 -0.808 1.105 
-0.01 -0.886 1.172 
-0.012 -0.983 1.125 
-0.015 -1.096 0.912 
-0.013 -1.209 0.561 
-0.023 -1.282 0.069 
-0.108 -1.021 -0.222 
-0.04 -0.84 -0.687 
-0.031 -0.482 -1.694 
-0.016 -0.073 -2.871 
-0.004 0.371 -4.04 
0.035 0.888 -5.184 
0.111 1.464 -6.302 
0.231 2.084 -7.393 
0.399 2.731 -8.457 
0.625 3.39 -9.497 
0.913 4.044 -10.515 
1.27 4.679 -11.516 
1.702 5.28 -12.507 
2.216 5.831 -13.493 
2.816 6.319 -14.484 
3.507 6.729 -15.488 
4.296 7.048 -16.516 
5.186 7.264 -17.579 
6.182 7.364 -18.69 
7.288 7.338 -19.862 
8.506 7.176 -21.11 
9.842 6.868 -22.448 
0.0 0.0 -0.08 
0.01 0.002 -0.836 
0.028 0.006 -2.387 
0.003 0.0 -0.322 
0.017 0.003 -1.436 
0.0 0.0 -0.048 
0.008 0.001 -0.724 
0.027 0.005 -2.196 
0.002 0.0 -0.254 
0.015 0.003 -1.288 
0.0 0.0 -0.024 
0.007 0.001 -0.621 
0.024 0.004 -2.013 
0.002 0.0 -0.194 
0.013 0.002 -1.149 
0.0 0.0 -0.008 
0.006 0.001 -0.525 
0.022 0.004 -1.838 
0.001 0.0 -0.143 
0.012 0.002 -1.018 
0.0 0.0 0.0 
0.005 0.001 -0.438 
0.02 0.004 -1.671 
0.001 0.0 -0.099 
0.01 0.002 -0.895 
0.03 0.006 -2.486 
0.004 0.0 -0.358 
0.054 -0.617 0.012 
0.058 -0.616 0.006 
0.055 -0.617 0.009 
0.055 -0.617 0.01 
0.056 -0.617 0.009 
0.055 -0.617 0.01 
0.058 -0.619 0.012 
0.065 -0.641 0.06 
0.074 -0.711 0.157 
0.104 -0.806 0.281 
0.157 -0.927 0.458 
0.224 -1.069 0.707 
0.311 -1.21 0.933 
0.397 -1.348 1.115 
0.482 -1.476 1.255 
0.554 -1.605 1.371 
0.65 -1.723 1.38 
0.723 -1.828 1.161 
0.791 -1.915 0.595 
0.001 -0.014 -0.017 
0.038 -0.105 -0.459 
0.0 -0.375 -1.703 
-0.064 -0.92 -3.66 
0.009 -0.125 -0.262 
0.043 -0.562 -1.168 
0.1 -1.312 -2.721 
0.005 -0.091 -0.178 
0.03 -0.492 -0.974 
0.076 -1.214 -2.408 
0.003 -0.057 -0.114 
0.026 -0.409 -0.817 
0.07 -1.08 -2.157 
0.002 -0.032 -0.064 
0.021 -0.335 -0.672 
0.061 -0.956 -1.919 
0.0 -0.014 -0.028 
0.017 -0.268 -0.541 
0.054 -0.841 -1.693 
0.0 -0.003 -0.007 
0.014 -0.209 -0.423 
0.05 -0.734 -1.481 
0.0 0.0 0.0 
0.01 -0.158 -0.32 
0.045 -0.644 -1.294 
0.088 -1.459 -2.924 
-0.01 -0.133 -0.093 
-0.111 -1.027 -0.621 
0.79 -2.849 0.283 
0.693 -4.422 -0.518 
0.063 0.027 -0.047 
0.411 0.136 -0.267 
1.107 0.322 -0.688 
2.102 0.625 -1.31 
3.426 1.06 -2.09 
