1.1743787166382031 0.44873329525288136 -42.89930086996411 44448
1.9816262884540667 0.805247603242349 -35.8951665957924 38763
1.942520844301444 0.8286524790334535 -23.42877892801709 35632
2.194864427822318 1.0237916690600433 -25.06072902994353 37362
2.138274030630664 1.039967797277479 -17.68751066615624 34561
1.5363404088504242 0.7518288117831127 -10.776210826058458 33032
1.6785618944163574 0.821048854186545 -20.484164828679496 36070
1.6309500940125714 0.7860015170679979 -16.35717488486534 33822
0.9619778730540485 0.42998953608713136 -10.579566432077018 32632
1.33305243392367 0.5998292977608368 -22.294688229667308 36326
1.4464169111892287 0.6502980683659592 -18.01571677987747 33975
0.7451211279322413 0.28306270259575567 -11.665379293236965 32737
1.3407417446467516 0.5556952835571461 -23.70289259367126 36871
1.5437434613356817 0.6568817083351967 -19.011910235527612 34234
0.723318254222441 0.2415166656801198 -12.186692102507322 32853
-0.45644355260765374 -0.3366778233782092 -6.837375789776889 32290
0.44016090706331906 0.09420294301302423 -20.08842242657577 37103
0.9886772858968423 0.4005562724140191 -17.17693431693602 34476
0.30523397959180393 0.09154685308513372 -11.293819475937802 33097
-0.8089148989829157 -0.43480771106937793 -6.195044662156097 32516
0.44827007005773756 0.20112060887940195 -8.326617925212304 37365
1.1474396226438044 0.6071868689021896 -6.561411074026593 34703
0.3721435873387321 0.27732156756736925 -4.276683688303997 33288
-0.8660558196454328 -0.31192160922355167 -2.359509859276609 32662
0.6111419618898165 0.4686160978602163 13.7633220045027 37327
1.371200046933213 0.8724578562202948 12.724655142036953 34793
0.4179201979240941 0.4377938812661187 8.2177546139568 33426
-1.0140890464968009 -0.2655925831473433 4.284884440816909 32774
0.5036273895586499 0.37645888639254793 27.077938780088555 36944
1.2807939775974078 0.6169003555549357 23.595592468107416 34747
0.23021532908754141 0.09504904506620886 15.58818970187113 33536
-1.2930471562061097 -0.6207333836804558 8.997183084627553 32886
0.3076483983133217 0.03201470524248358 30.30668213718035 36417
1.1716345377329818 0.31919969160959133 25.700034472135783 34647
0.10335176515823392 -0.14497787429514458 17.06495153182104 33631
-1.465839441841245 -0.8031713998469923 10.197545954767321 32990
0.21159950065412186 -0.07962569938337234 28.99680251560848 35991
1.1677346575292993 0.2985336983435801 24.086318209353674 34606
0.08884763966351264 -0.1170189653363097 15.8460475743241 33764
-1.5374667975643208 -0.7631739250779362 9.529296725053108 33116
0.13130550920929562 -0.10820801415602121 25.340097723863238 35724
1.1291601963030593 0.24329589221657294 21.029254714846118 34607
0.05032111377501291 -0.16556790943702415 14.092029556020982 33886
-1.6085414744550182 -0.7971161019566484 8.862711960387049 33217
-0.0366786156713653 -0.22551637677455208 21.501876747705634 35503
0.9542804836312403 0.11040801541701485 17.85868663605512 34565
-0.0807704468301502 -0.2543100917439309 12.233301691593955 33938
-1.7034603481544492 -0.8278456014047475 7.999270265850092 33263
-0.260585744687501 -0.20353561651228627 16.64279647509563 35329
0.6993178433480367 0.21403576751152936 13.207990860446094 34515
-0.2503635726863784 -0.10284500862909379 8.700011476541704 33957
-1.772852317321245 -0.6665256514465819 5.513112184946353 33288
-0.432522719662968 -0.07634044454673773 10.698577287376894 35175
0.5107288212548219 0.33355771764353287 8.035903338680782 34443
-0.32277932166126844 0.007469672277653524 5.055221646634927 33939
0.693114153707479 0.4362478058561398 6.430954062512517 35727
1.0019783739429131 0.557723441302196 4.394391701746509 34780
-0.3225502452160041 -0.013464758407142537 2.7017384969061586 33982
0.15949228852026429 0.1704678893685336 2.3199957008473486 35499
0.225915052336809 0.17598886714927423 1.3427434589845655 34388
-0.9930993667463406 -0.3698133536120222 0.9870605912505889 33584
-0.5000851105288475 -0.19845369767548549 -0.4112511456091182 35063
-0.2979140922738787 -0.13949896834595862 -0.5928430237766713 34039
-1.2272144225144406 -0.5524219464412466 -0.07556377299951268 33347
-0.6969124248556986 -0.35388164075716605 -2.355856409594642 34814
-0.43615893107927256 -0.25270783928357754 -2.0444554090247578 33883
0.2505522215071781 0.039714148556705464 -4.617423860282159 35281
0.1840205215019433 0.02476243085000823 -3.587625550540033 34196
-0.8750207096891305 -0.4106170221217815 -1.9884009795136315 33360
-0.824525712698132 -0.3891471788491372 -4.3917636263562185 34563
-0.8499638168948123 -0.39291415939669333 -3.5144963929588244 33590
-0.4390667387262656 -0.23260180364814423 -5.734542253163576 34733
-0.4606707005641526 -0.24226013249513803 -4.378774633733058 33759
-0.28101827991108513 -0.17852873442533224 -6.0729118379351545 34692
0.23033979251775816 0.0005684798147210016 -7.722378944085757 35137
-0.025191297226289162 -0.10663812600315489 -5.6289137989833895 33934
-0.29778395870152424 -0.22151271530015781 -6.019956662039392 34390
-0.3028135630400401 -0.24684180482710508 -6.533564088727904 34487
-0.3192808154897791 -0.28723334281828344 -6.477681164372058 34388
-0.45367690511580094 -0.3605456338617469 -6.031469240854478 34138
-0.5517463059380622 -0.442572686402006 -6.284584731207469 34345
-0.7315279899687276 -0.6063632850086939 -6.039064381939197 34070
-1.4815985879364666 -1.0306275040755346 -4.706888303291545 31979
-2.1675709247154793 -1.2719772491996266 -3.062095168563726 32035
-2.4054215583529373 -1.1842353417864586 -1.8105360249246902 32214
-2.3208322285111382 -0.9364075951199005 -1.00176862385273 32450
-2.0585674895555264 -0.6510226474629929 -0.525952532624863 32710
-1.7191868181803516 -0.3908597604473416 -0.2642554627853643 32969
-1.3658468821052636 -0.1814622517349793 -0.12777075866203808 33210
-1.0356723107273609 -0.02812658756470714 -0.05978713587307423 33424
-0.7477398086319043 0.07374153043481299 0.475686956072082 33591
-0.5096032935934134 0.13294124514785546 0.45816890097877994 33744
-0.32173305091267884 0.15957791603716762 0.3158624635172438 33863
-0.18015941738111754 0.16319382484881279 0.18826644866322298 33953
-0.07842462871857878 0.15199426150111006 0.35553074169223126 34017
-0.009497884114800025 0.1322201052948212 0.2880848470294504 34061
0.033572658483224826 0.10860847964508054 0.18605416327640034 34090
0.057236585715572566 0.08460578260869653 0.10701572167832651 34107
0.06708254461247273 0.06245091651079869 0.14080679457706552 34115
0.06763630642760064 0.04334375863910794 0.10697834013478615 34118
0.06244629916310469 0.027771297110610122 0.06761733165194204 34117
0.05417404553725996 0.01574182816180164 0.03878159577690212 34114
0.04467113309563184 0.006925661278361121 0.020993588442704658 34110
0.035219501298777656 0.0008838375442525046 0.01094961421630443 34105
0.02659184905537489 -0.002901874945900639 0.005593267534347571 34101
0.019170771587415175 -0.004968849255227954 0.002832199173574305 34097
0.013089707128119974 -0.005799686309564423 0.0014331596624939794 34094
0.008322409077681931 -0.005798394104249151 0.0007257318149183936 34091
0.004745427243890171 -0.005286129063024823 0.00036679146611203823 34089
0.0021854603143841717 -0.0045053001854910785 0.00018395565313041065 34087
0.00046583263628806624 -0.003628773322947622 9.11648190175762e-05 34086
-0.0006124277518529606 -0.002770459055278534 4.47248614950122e-05 34085
-0.0012206855503883406 -0.001998764691773139 2.1981448071357658e-05 34084
-0.0014921666193726672 -0.0013483490424950142 1.1161856515619664e-05 34084
-0.0015355093862901305 -0.0008300401959154003 6.144137422534784e-06 34084
-0.0014358956262873832 -0.00043841067741447594 3.8106761845109538e-06 34084
-0.0012572619239319255 -0.00015899306288594638 2.6491947616565208e-06 34084
-0.0010452416924436384 2.6815858824184268e-05 1.965226722450465e-06 34084
-0.0008302809215872982 0.00013869663053280053 1.4704664245494556e-06 34084
-0.0006313491695533182 0.00019526961930988926 1.0752667659701635e-06 34084
-0.00045862894356431163 0.00021285843152951355 7.497951948185309e-07 34084
-0.0003160542894440658 0.0002049333783384946 4.894241898872289e-07 34084
-0.0002035733235026975 0.00018198573150200384 -0.1650174577428812 34084
-0.00011861441074816793 0.00015191618439520656 -0.15250731979995813 34084
-5.72886865867142e-05 0.00012010983237591953 -0.10271678364930968 34084
-1.5334721914605544e-05 8.998291287495596e-05 -0.059596690569189904 34084
1.1396131046494568e-05 6.351670615578056e-05 -0.031282297456054944 34084
2.666782640424548e-05 4.1630298456106684e-05 -0.015105131456933936 34084
3.371448377436596e-05 2.4494685734516286e-05 -0.006714401474204694 34084
3.518464717028764e-05 1.1797283000438682e-05 -0.002707415912161509 34084
3.315095466888493e-05 2.9526212921926505e-06 -0.0009477933646059324 34084
2.9162861859226754e-05 -2.7412158808902195e-06 -0.0002496116218835918 34084
2.4322587720441198e-05 -5.995224113626553e-06 -1.1838621826246728e-05 34084
1.9368977136869066e-05 -7.462602630875263e-06 4.6261677783383566e-05 34084
1.4758971189079813e-05 -7.702919373938824e-06 4.492569578151153e-05 34084
1.0740640121162396e-05 -7.168527641035594e-06 3.0256668632004957e-05 34084
7.4148988425966735e-06 -6.205808120971012e-06 1.7020714021806426e-05 34084
4.785166423303277e-06 -5.065365319041982e-06 8.191235079543092e-06 34084
2.7955617595517397e-06 -3.9167941102456e-06 3.099119665176169e-06 34084
1.3589667206324166e-06 -2.8649310133683543e-06 4.390191407614251e-07 34084
3.766140633661619e-07 -1.9655711218191508e-06 -8.397046708734216e-07 34084
